Time (s), Height (m), Velocity (m/s), Gravitational Force (N), Contact Force (N), Net Force (N), Delta (m), Energy (J)
     0.005    10.000    -0.049    -9.712     0.000    -9.712     0.000    98.100
     0.015     9.999    -0.147    -9.810     0.000    -9.810     0.000    98.100
     0.025     9.997    -0.245    -9.810     0.000    -9.810     0.000    98.100
     0.035     9.994    -0.343    -9.810     0.000    -9.810     0.000    98.100
     0.045     9.990    -0.441    -9.810     0.000    -9.810     0.000    98.100
     0.055     9.985    -0.539    -9.810     0.000    -9.810     0.000    98.100
     0.065     9.979    -0.637    -9.810     0.000    -9.810     0.000    98.100
     0.075     9.972    -0.735    -9.810     0.000    -9.810     0.000    98.100
     0.085     9.965    -0.833    -9.810     0.000    -9.810     0.000    98.100
     0.095     9.956    -0.931    -9.810     0.000    -9.810     0.000    98.100
     0.105     9.946    -1.030    -9.810     0.000    -9.810     0.000    98.100
     0.115     9.935    -1.128    -9.810     0.000    -9.810     0.000    98.100
     0.125     9.923    -1.226    -9.810     0.000    -9.810     0.000    98.100
     0.135     9.911    -1.324    -9.810     0.000    -9.810     0.000    98.099
     0.145     9.897    -1.422    -9.810     0.000    -9.810     0.000    98.099
     0.155     9.882    -1.520    -9.810     0.000    -9.810     0.000    98.099
     0.165     9.866    -1.618    -9.810     0.000    -9.810     0.000    98.099
     0.175     9.850    -1.716    -9.810     0.000    -9.810     0.000    98.099
     0.185     9.832    -1.814    -9.810     0.000    -9.810     0.000    98.099
     0.195     9.813    -1.912    -9.810     0.000    -9.810     0.000    98.099
     0.205     9.794    -2.011    -9.810     0.000    -9.810     0.000    98.099
     0.215     9.773    -2.109    -9.810     0.000    -9.810     0.000    98.099
     0.225     9.752    -2.207    -9.810     0.000    -9.810     0.000    98.099
     0.235     9.729    -2.305    -9.810     0.000    -9.810     0.000    98.099
     0.245     9.706    -2.403    -9.810     0.000    -9.810     0.000    98.099
     0.255     9.681    -2.501    -9.810     0.000    -9.810     0.000    98.099
     0.265     9.656    -2.599    -9.810     0.000    -9.810     0.000    98.099
     0.275     9.629    -2.697    -9.810     0.000    -9.810     0.000    98.099
     0.285     9.602    -2.795    -9.810     0.000    -9.810     0.000    98.099
     0.295     9.573    -2.894    -9.810     0.000    -9.810     0.000    98.099
     0.305     9.544    -2.992    -9.810     0.000    -9.810     0.000    98.099
     0.315     9.513    -3.090    -9.810     0.000    -9.810     0.000    98.099
     0.325     9.482    -3.188    -9.810     0.000    -9.810     0.000    98.099
     0.335     9.449    -3.286    -9.810     0.000    -9.810     0.000    98.099
     0.345     9.416    -3.384    -9.810     0.000    -9.810     0.000    98.099
     0.355     9.382    -3.482    -9.810     0.000    -9.810     0.000    98.099
     0.365     9.346    -3.580    -9.810     0.000    -9.810     0.000    98.099
     0.375     9.310    -3.678    -9.810     0.000    -9.810     0.000    98.099
     0.385     9.273    -3.776    -9.810     0.000    -9.810     0.000    98.099
     0.395     9.235    -3.875    -9.810     0.000    -9.810     0.000    98.099
     0.405     9.195    -3.973    -9.810     0.000    -9.810     0.000    98.099
     0.415     9.155    -4.071    -9.810     0.000    -9.810     0.000    98.099
     0.425     9.114    -4.169    -9.810     0.000    -9.810     0.000    98.098
     0.435     9.072    -4.267    -9.810     0.000    -9.810     0.000    98.098
     0.445     9.029    -4.365    -9.810     0.000    -9.810     0.000    98.098
     0.455     8.984    -4.463    -9.810     0.000    -9.810     0.000    98.098
     0.465     8.939    -4.561    -9.810     0.000    -9.810     0.000    98.098
     0.475     8.893    -4.659    -9.810     0.000    -9.810     0.000    98.098
     0.485     8.846    -4.757    -9.810     0.000    -9.810     0.000    98.098
     0.495     8.798    -4.855    -9.810     0.000    -9.810     0.000    98.098
     0.505     8.749    -4.954    -9.810     0.000    -9.810     0.000    98.098
     0.515     8.699    -5.052    -9.810     0.000    -9.810     0.000    98.097
     0.525     8.648    -5.150    -9.810     0.000    -9.810     0.000    98.097
     0.535     8.596    -5.248    -9.810     0.000    -9.810     0.000    98.097
     0.545     8.543    -5.346    -9.810     0.000    -9.810     0.000    98.097
     0.555     8.489    -5.444    -9.810     0.000    -9.810     0.000    98.097
     0.565     8.434    -5.542    -9.810     0.000    -9.810     0.000    98.097
     0.575     8.378    -5.640    -9.810     0.000    -9.810     0.000    98.097
     0.585     8.321    -5.738    -9.810     0.000    -9.810     0.000    98.096
     0.595     8.263    -5.836    -9.810     0.000    -9.810     0.000    98.096
     0.605     8.205    -5.934    -9.810     0.000    -9.810     0.000    98.096
     0.615     8.145    -6.033    -9.810     0.000    -9.810     0.000    98.096
     0.625     8.084    -6.131    -9.810     0.000    -9.810     0.000    98.096
     0.635     8.022    -6.229    -9.810     0.000    -9.810     0.000    98.096
     0.645     7.959    -6.327    -9.810     0.000    -9.810     0.000    98.096
     0.655     7.896    -6.425    -9.810     0.000    -9.810     0.000    98.096
     0.665     7.831    -6.523    -9.810     0.000    -9.810     0.000    98.095
     0.675     7.765    -6.621    -9.810     0.000    -9.810     0.000    98.095
     0.685     7.698    -6.719    -9.810     0.000    -9.810     0.000    98.095
     0.695     7.631    -6.817    -9.810     0.000    -9.810     0.000    98.095
     0.705     7.562    -6.915    -9.810     0.000    -9.810     0.000    98.095
     0.715     7.492    -7.013    -9.810     0.000    -9.810     0.000    98.095
     0.725     7.422    -7.111    -9.810     0.000    -9.810     0.000    98.094
     0.735     7.350    -7.210    -9.810     0.000    -9.810     0.000    98.094
     0.745     7.278    -7.308    -9.810     0.000    -9.810     0.000    98.094
     0.755     7.204    -7.406    -9.810     0.000    -9.810     0.000    98.094
     0.765     7.129    -7.504    -9.810     0.000    -9.810     0.000    98.094
     0.775     7.054    -7.602    -9.810     0.000    -9.810     0.000    98.094
     0.785     6.977    -7.700    -9.810     0.000    -9.810     0.000    98.094
     0.795     6.900    -7.798    -9.810     0.000    -9.810     0.000    98.093
     0.805     6.821    -7.896    -9.810     0.000    -9.810     0.000    98.093
     0.815     6.742    -7.994    -9.810     0.000    -9.810     0.000    98.093
     0.825     6.662    -8.092    -9.810     0.000    -9.810     0.000    98.093
     0.835     6.580    -8.190    -9.810     0.000    -9.810     0.000    98.093
     0.845     6.498    -8.289    -9.810     0.000    -9.810     0.000    98.094
     0.855     6.414    -8.387    -9.810     0.000    -9.810     0.000    98.094
     0.865     6.330    -8.485    -9.810     0.000    -9.810     0.000    98.094
     0.875     6.245    -8.583    -9.810     0.000    -9.810     0.000    98.094
     0.885     6.158    -8.681    -9.810     0.000    -9.810     0.000    98.095
     0.895     6.071    -8.779    -9.810     0.000    -9.810     0.000    98.095
     0.905     5.983    -8.877    -9.810     0.000    -9.810     0.000    98.095
     0.915     5.893    -8.976    -9.810     0.000    -9.810     0.000    98.095
     0.925     5.803    -9.074    -9.810     0.000    -9.810     0.000    98.096
     0.935     5.712    -9.172    -9.810     0.000    -9.810     0.000    98.096
     0.945     5.620    -9.270    -9.810     0.000    -9.810     0.000    98.096
     0.955     5.527    -9.368    -9.810     0.000    -9.810     0.000    98.096
     0.965     5.432    -9.466    -9.810     0.000    -9.810     0.000    98.097
     0.975     5.337    -9.564    -9.810     0.000    -9.810     0.000    98.097
     0.985     5.241    -9.662    -9.810     0.000    -9.810     0.000    98.097
     0.995     5.144    -9.761    -9.810     0.000    -9.810     0.000    98.098
     1.005     5.046    -9.859    -9.810     0.000    -9.810     0.000    98.098
     1.015     4.947    -9.957    -9.810     0.000    -9.810     0.000    98.098
     1.025     4.847   -10.055    -9.810     0.000    -9.810     0.000    98.098
     1.035     4.746   -10.153    -9.810     0.000    -9.810     0.000    98.099
     1.045     4.644   -10.251    -9.810     0.000    -9.810     0.000    98.099
     1.055     4.541   -10.349    -9.810     0.000    -9.810     0.000    98.099
     1.065     4.437   -10.448    -9.810     0.000    -9.810     0.000    98.100
     1.075     4.332   -10.546    -9.810     0.000    -9.810     0.000    98.100
     1.085     4.226   -10.644    -9.810     0.000    -9.810     0.000    98.100
     1.095     4.119   -10.742    -9.810     0.000    -9.810     0.000    98.100
     1.105     4.011   -10.840    -9.810     0.000    -9.810     0.000    98.101
     1.115     3.902   -10.938    -9.810     0.000    -9.810     0.000    98.101
     1.125     3.792   -11.036    -9.810     0.000    -9.810     0.000    98.101
     1.135     3.681   -11.134    -9.810     0.000    -9.810     0.000    98.102
     1.145     3.569   -11.233    -9.810     0.000    -9.810     0.000    98.102
     1.155     3.457   -11.331    -9.810     0.000    -9.810     0.000    98.102
     1.165     3.343   -11.429    -9.810     0.000    -9.810     0.000    98.103
     1.175     3.228   -11.527    -9.810     0.000    -9.810     0.000    98.103
     1.185     3.112   -11.625    -9.810     0.000    -9.810     0.000    98.103
     1.195     2.995   -11.723    -9.810     0.000    -9.810     0.000    98.104
     1.205     2.878   -11.821    -9.810     0.000    -9.810     0.000    98.104
     1.215     2.759   -11.920    -9.810     0.000    -9.810     0.000    98.104
     1.225     2.639   -12.018    -9.810     0.000    -9.810     0.000    98.104
     1.235     2.519   -12.116    -9.810     0.000    -9.810     0.000    98.105
     1.245     2.397   -12.214    -9.810     0.000    -9.810     0.000    98.105
     1.255     2.274   -12.312    -9.810     0.000    -9.810     0.000    98.106
     1.265     2.151   -12.410    -9.810     0.000    -9.810     0.000    98.106
     1.275     2.026   -12.508    -9.810     0.000    -9.810     0.000    98.106
     1.285     1.901   -12.606    -9.810     0.000    -9.810     0.000    98.107
     1.295     1.774   -12.705    -9.810     0.000    -9.810     0.000    98.107
     1.305     1.646   -12.803    -9.810     0.000    -9.810     0.000    98.107
     1.315     1.518   -12.901    -9.810     0.000    -9.810     0.000    98.108
     1.325     1.388   -12.999    -9.810     0.000    -9.810     0.000    98.108
     1.335     1.258   -13.097    -9.810     0.000    -9.810     0.000    98.109
     1.345     1.127   -13.195    -9.810     0.000    -9.810     0.000    98.109
     1.355     0.994   -13.293    -9.810     0.000    -9.810     0.000    98.109
     1.365     0.861   -13.392    -9.810     0.000    -9.810     0.000    98.110
     1.375     0.726   -13.490    -9.810     0.000    -9.810     0.000    98.110
     1.385     0.591   -13.588    -9.810     0.000    -9.810     0.000    98.111
     1.395     0.454   -13.686    -9.810     0.000    -9.810     0.000    98.111
     1.405     0.317   -13.784    -9.810     0.000    -9.810     0.000    98.111
     1.415     0.179   -13.882    -9.810     0.000    -9.810     0.000    98.112
     1.425     0.039   -13.978    -9.810     3.024    -6.786     0.081    98.081
     1.435    -0.100   -13.666    -9.810    98.200    88.390     0.220    92.443
     1.445    -0.229   -12.113    -9.810   228.259   218.449     0.349    71.310
     1.455    -0.338    -9.358    -9.810   336.654   326.844     0.458    40.922
     1.465    -0.413    -5.675    -9.810   412.636   402.826     0.533    12.729
     1.475    -0.449    -1.429    -9.810   448.670   438.860     0.569    -2.576
     1.485    -0.441     2.958    -9.810   441.182   431.372     0.561     0.827
     1.495    -0.390     7.052    -9.810   390.916   381.106     0.510    21.644
     1.505    -0.302    10.447    -9.810   302.855   293.045     0.422    51.965
     1.515    -0.184    12.805    -9.810   185.733   175.923     0.304    80.310
     1.525    -0.050    13.895    -9.810    52.406    42.596     0.170    96.054
     1.535     0.090    13.946    -9.810     0.000    -9.810     0.036    98.126
     1.545     0.229    13.848    -9.810     0.000    -9.810     0.000    98.125
     1.555     0.367    13.750    -9.810     0.000    -9.810     0.000    98.125
     1.565     0.504    13.651    -9.810     0.000    -9.810     0.000    98.124
     1.575     0.640    13.553    -9.810     0.000    -9.810     0.000    98.124
     1.585     0.775    13.455    -9.810     0.000    -9.810     0.000    98.123
     1.595     0.909    13.357    -9.810     0.000    -9.810     0.000    98.123
     1.605     1.042    13.259    -9.810     0.000    -9.810     0.000    98.122
     1.615     1.174    13.161    -9.810     0.000    -9.810     0.000    98.122
     1.625     1.305    13.063    -9.810     0.000    -9.810     0.000    98.121
     1.635     1.435    12.965    -9.810     0.000    -9.810     0.000    98.121
     1.645     1.564    12.866    -9.810     0.000    -9.810     0.000    98.120
     1.655     1.693    12.768    -9.810     0.000    -9.810     0.000    98.120
     1.665     1.820    12.670    -9.810     0.000    -9.810     0.000    98.119
     1.675     1.946    12.572    -9.810     0.000    -9.810     0.000    98.119
     1.685     2.071    12.474    -9.810     0.000    -9.810     0.000    98.118
     1.695     2.196    12.376    -9.810     0.000    -9.810     0.000    98.118
     1.705     2.319    12.278    -9.810     0.000    -9.810     0.000    98.118
     1.715     2.441    12.179    -9.810     0.000    -9.810     0.000    98.117
     1.725     2.562    12.081    -9.810     0.000    -9.810     0.000    98.117
     1.735     2.683    11.983    -9.810     0.000    -9.810     0.000    98.116
     1.745     2.802    11.885    -9.810     0.000    -9.810     0.000    98.116
     1.755     2.920    11.787    -9.810     0.000    -9.810     0.000    98.115
     1.765     3.038    11.689    -9.810     0.000    -9.810     0.000    98.115
     1.775     3.154    11.591    -9.810     0.000    -9.810     0.000    98.114
     1.785     3.270    11.493    -9.810     0.000    -9.810     0.000    98.114
     1.795     3.384    11.394    -9.810     0.000    -9.810     0.000    98.114
     1.805     3.497    11.296    -9.810     0.000    -9.810     0.000    98.113
     1.815     3.610    11.198    -9.810     0.000    -9.810     0.000    98.113
     1.825     3.721    11.100    -9.810     0.000    -9.810     0.000    98.112
     1.835     3.832    11.002    -9.810     0.000    -9.810     0.000    98.112
     1.845     3.941    10.904    -9.810     0.000    -9.810     0.000    98.111
     1.855     4.050    10.806    -9.810     0.000    -9.810     0.000    98.111
     1.865     4.158    10.707    -9.810     0.000    -9.810     0.000    98.111
     1.875     4.264    10.609    -9.810     0.000    -9.810     0.000    98.110
     1.885     4.370    10.511    -9.810     0.000    -9.810     0.000    98.110
     1.895     4.474    10.413    -9.810     0.000    -9.810     0.000    98.109
     1.905     4.578    10.315    -9.810     0.000    -9.810     0.000    98.109
     1.915     4.681    10.217    -9.810     0.000    -9.810     0.000    98.109
     1.925     4.782    10.119    -9.810     0.000    -9.810     0.000    98.108
     1.935     4.883    10.021    -9.810     0.000    -9.810     0.000    98.108
     1.945     4.983     9.922    -9.810     0.000    -9.810     0.000    98.108
     1.955     5.081     9.824    -9.810     0.000    -9.810     0.000    98.107
     1.965     5.179     9.726    -9.810     0.000    -9.810     0.000    98.107
     1.975     5.276     9.628    -9.810     0.000    -9.810     0.000    98.106
     1.985     5.372     9.530    -9.810     0.000    -9.810     0.000    98.106
     1.995     5.466     9.432    -9.810     0.000    -9.810     0.000    98.106
     2.005     5.560     9.334    -9.810     0.000    -9.810     0.000    98.105
     2.015     5.653     9.235    -9.810     0.000    -9.810     0.000    98.105
     2.025     5.745     9.137    -9.810     0.000    -9.810     0.000    98.105
     2.035     5.836     9.039    -9.810     0.000    -9.810     0.000    98.104
     2.045     5.926     8.941    -9.810     0.000    -9.810     0.000    98.104
     2.055     6.015     8.843    -9.810     0.000    -9.810     0.000    98.104
     2.065     6.103     8.745    -9.810     0.000    -9.810     0.000    98.103
     2.075     6.190     8.647    -9.810     0.000    -9.810     0.000    98.103
     2.085     6.276     8.549    -9.810     0.000    -9.810     0.000    98.103
     2.095     6.361     8.450    -9.810     0.000    -9.810     0.000    98.102
     2.105     6.445     8.352    -9.810     0.000    -9.810     0.000    98.102
     2.115     6.528     8.254    -9.810     0.000    -9.810     0.000    98.102
     2.125     6.610     8.156    -9.810     0.000    -9.810     0.000    98.101
     2.135     6.691     8.058    -9.810     0.000    -9.810     0.000    98.101
     2.145     6.771     7.960    -9.810     0.000    -9.810     0.000    98.101
     2.155     6.850     7.862    -9.810     0.000    -9.810     0.000    98.101
     2.165     6.928     7.764    -9.810     0.000    -9.810     0.000    98.101
     2.175     7.005     7.666    -9.810     0.000    -9.810     0.000    98.101
     2.185     7.081     7.567    -9.810     0.000    -9.810     0.000    98.101
     2.195     7.156     7.469    -9.810     0.000    -9.810     0.000    98.101
     2.205     7.231     7.371    -9.810     0.000    -9.810     0.000    98.101
     2.215     7.304     7.273    -9.810     0.000    -9.810     0.000    98.101
     2.225     7.376     7.175    -9.810     0.000    -9.810     0.000    98.101
     2.235     7.447     7.077    -9.810     0.000    -9.810     0.000    98.101
     2.245     7.518     6.979    -9.810     0.000    -9.810     0.000    98.102
     2.255     7.587     6.881    -9.810     0.000    -9.810     0.000    98.102
     2.265     7.655     6.783    -9.810     0.000    -9.810     0.000    98.102
     2.275     7.723     6.685    -9.810     0.000    -9.810     0.000    98.102
     2.285     7.789     6.587    -9.810     0.000    -9.810     0.000    98.102
     2.295     7.854     6.489    -9.810     0.000    -9.810     0.000    98.102
     2.305     7.919     6.390    -9.810     0.000    -9.810     0.000    98.102
     2.315     7.982     6.292    -9.810     0.000    -9.810     0.000    98.102
     2.325     8.045     6.194    -9.810     0.000    -9.810     0.000    98.102
     2.335     8.106     6.096    -9.810     0.000    -9.810     0.000    98.102
     2.345     8.166     5.998    -9.810     0.000    -9.810     0.000    98.102
     2.355     8.226     5.900    -9.810     0.000    -9.810     0.000    98.102
     2.365     8.284     5.802    -9.810     0.000    -9.810     0.000    98.102
     2.375     8.342     5.704    -9.810     0.000    -9.810     0.000    98.102
     2.385     8.399     5.606    -9.810     0.000    -9.810     0.000    98.102
     2.395     8.454     5.508    -9.810     0.000    -9.810     0.000    98.102
     2.405     8.509     5.410    -9.810     0.000    -9.810     0.000    98.102
     2.415     8.562     5.311    -9.810     0.000    -9.810     0.000    98.102
     2.425     8.615     5.213    -9.810     0.000    -9.810     0.000    98.102
     2.435     8.667     5.115    -9.810     0.000    -9.810     0.000    98.102
     2.445     8.717     5.017    -9.810     0.000    -9.810     0.000    98.102
     2.455     8.767     4.919    -9.810     0.000    -9.810     0.000    98.102
     2.465     8.816     4.821    -9.810     0.000    -9.810     0.000    98.102
     2.475     8.863     4.723    -9.810     0.000    -9.810     0.000    98.102
     2.485     8.910     4.625    -9.810     0.000    -9.810     0.000    98.102
     2.495     8.956     4.527    -9.810     0.000    -9.810     0.000    98.102
     2.505     9.001     4.429    -9.810     0.000    -9.810     0.000    98.102
     2.515     9.044     4.331    -9.810     0.000    -9.810     0.000    98.102
     2.525     9.087     4.233    -9.810     0.000    -9.810     0.000    98.102
     2.535     9.129     4.134    -9.810     0.000    -9.810     0.000    98.102
     2.545     9.170     4.036    -9.810     0.000    -9.810     0.000    98.103
     2.555     9.210     3.938    -9.810     0.000    -9.810     0.000    98.102
     2.565     9.249     3.840    -9.810     0.000    -9.810     0.000    98.102
     2.575     9.286     3.742    -9.810     0.000    -9.810     0.000    98.102
     2.585     9.323     3.644    -9.810     0.000    -9.810     0.000    98.102
     2.595     9.359     3.546    -9.810     0.000    -9.810     0.000    98.102
     2.605     9.394     3.448    -9.810     0.000    -9.810     0.000    98.102
     2.615     9.428     3.350    -9.810     0.000    -9.810     0.000    98.102
     2.625     9.461     3.252    -9.810     0.000    -9.810     0.000    98.102
     2.635     9.493     3.153    -9.810     0.000    -9.810     0.000    98.102
     2.645     9.524     3.055    -9.810     0.000    -9.810     0.000    98.102
     2.655     9.554     2.957    -9.810     0.000    -9.810     0.000    98.102
     2.665     9.583     2.859    -9.810     0.000    -9.810     0.000    98.102
     2.675     9.612     2.761    -9.810     0.000    -9.810     0.000    98.102
     2.685     9.639     2.663    -9.810     0.000    -9.810     0.000    98.101
     2.695     9.665     2.565    -9.810     0.000    -9.810     0.000    98.101
     2.705     9.690     2.467    -9.810     0.000    -9.810     0.000    98.101
     2.715     9.714     2.369    -9.810     0.000    -9.810     0.000    98.101
     2.725     9.737     2.270    -9.810     0.000    -9.810     0.000    98.101
     2.735     9.760     2.172    -9.810     0.000    -9.810     0.000    98.101
     2.745     9.781     2.074    -9.810     0.000    -9.810     0.000    98.101
     2.755     9.801     1.976    -9.810     0.000    -9.810     0.000    98.101
     2.765     9.820     1.878    -9.810     0.000    -9.810     0.000    98.101
     2.775     9.839     1.780    -9.810     0.000    -9.810     0.000    98.101
     2.785     9.856     1.682    -9.810     0.000    -9.810     0.000    98.101
     2.795     9.872     1.584    -9.810     0.000    -9.810     0.000    98.101
     2.805     9.888     1.486    -9.810     0.000    -9.810     0.000    98.101
     2.815     9.902     1.388    -9.810     0.000    -9.810     0.000    98.101
     2.825     9.915     1.289    -9.810     0.000    -9.810     0.000    98.101
     2.835     9.928     1.191    -9.810     0.000    -9.810     0.000    98.101
     2.845     9.939     1.093    -9.810     0.000    -9.810     0.000    98.101
     2.855     9.950     0.995    -9.810     0.000    -9.810     0.000    98.101
     2.865     9.959     0.897    -9.810     0.000    -9.810     0.000    98.100
     2.875     9.967     0.799    -9.810     0.000    -9.810     0.000    98.100
     2.885     9.975     0.701    -9.810     0.000    -9.810     0.000    98.100
     2.895     9.981     0.603    -9.810     0.000    -9.810     0.000    98.100
     2.905     9.987     0.505    -9.810     0.000    -9.810     0.000    98.100
     2.915     9.992     0.407    -9.810     0.000    -9.810     0.000    98.100
     2.925     9.995     0.308    -9.810     0.000    -9.810     0.000    98.100
     2.935     9.998     0.210    -9.810     0.000    -9.810     0.000    98.100
     2.945     9.999     0.112    -9.810     0.000    -9.810     0.000    98.100
     2.955    10.000     0.014    -9.810     0.000    -9.810     0.000    98.100
     2.965    10.000    -0.084    -9.810     0.000    -9.810     0.000    98.100
     2.975     9.998    -0.182    -9.810     0.000    -9.810     0.000    98.100
     2.985     9.996    -0.280    -9.810     0.000    -9.810     0.000    98.100
     2.995     9.993    -0.378    -9.810     0.000    -9.810     0.000    98.100
     3.005     9.988    -0.476    -9.810     0.000    -9.810     0.000    98.100
     3.015     9.983    -0.574    -9.810     0.000    -9.810     0.000    98.100
     3.025     9.977    -0.673    -9.810     0.000    -9.810     0.000    98.100
     3.035     9.970    -0.771    -9.810     0.000    -9.810     0.000    98.100
     3.045     9.961    -0.869    -9.810     0.000    -9.810     0.000    98.100
     3.055     9.952    -0.967    -9.810     0.000    -9.810     0.000    98.100
     3.065     9.942    -1.065    -9.810     0.000    -9.810     0.000    98.100
     3.075     9.931    -1.163    -9.810     0.000    -9.810     0.000    98.099
     3.085     9.919    -1.261    -9.810     0.000    -9.810     0.000    98.099
     3.095     9.906    -1.359    -9.810     0.000    -9.810     0.000    98.099
     3.105     9.892    -1.457    -9.810     0.000    -9.810     0.000    98.099
     3.115     9.877    -1.555    -9.810     0.000    -9.810     0.000    98.099
     3.125     9.861    -1.654    -9.810     0.000    -9.810     0.000    98.099
     3.135     9.843    -1.752    -9.810     0.000    -9.810     0.000    98.099
     3.145     9.825    -1.850    -9.810     0.000    -9.810     0.000    98.099
     3.155     9.806    -1.948    -9.810     0.000    -9.810     0.000    98.099
     3.165     9.786    -2.046    -9.810     0.000    -9.810     0.000    98.099
     3.175     9.766    -2.144    -9.810     0.000    -9.810     0.000    98.099
     3.185     9.744    -2.242    -9.810     0.000    -9.810     0.000    98.099
     3.195     9.721    -2.340    -9.810     0.000    -9.810     0.000    98.099
     3.205     9.697    -2.438    -9.810     0.000    -9.810     0.000    98.099
     3.215     9.672    -2.536    -9.810     0.000    -9.810     0.000    98.099
     3.225     9.646    -2.635    -9.810     0.000    -9.810     0.000    98.099
     3.235     9.619    -2.733    -9.810     0.000    -9.810     0.000    98.099
     3.245     9.591    -2.831    -9.810     0.000    -9.810     0.000    98.099
     3.255     9.563    -2.929    -9.810     0.000    -9.810     0.000    98.099
     3.265     9.533    -3.027    -9.810     0.000    -9.810     0.000    98.099
     3.275     9.502    -3.125    -9.810     0.000    -9.810     0.000    98.099
     3.285     9.470    -3.223    -9.810     0.000    -9.810     0.000    98.099
     3.295     9.438    -3.321    -9.810     0.000    -9.810     0.000    98.099
     3.305     9.404    -3.419    -9.810     0.000    -9.810     0.000    98.099
     3.315     9.369    -3.518    -9.810     0.000    -9.810     0.000    98.099
     3.325     9.333    -3.616    -9.810     0.000    -9.810     0.000    98.099
     3.335     9.297    -3.714    -9.810     0.000    -9.810     0.000    98.099
     3.345     9.259    -3.812    -9.810     0.000    -9.810     0.000    98.099
     3.355     9.221    -3.910    -9.810     0.000    -9.810     0.000    98.099
     3.365     9.181    -4.008    -9.810     0.000    -9.810     0.000    98.099
     3.375     9.140    -4.106    -9.810     0.000    -9.810     0.000    98.098
     3.385     9.099    -4.204    -9.810     0.000    -9.810     0.000    98.098
     3.395     9.056    -4.302    -9.810     0.000    -9.810     0.000    98.098
     3.405     9.013    -4.400    -9.810     0.000    -9.810     0.000    98.098
     3.415     8.968    -4.499    -9.810     0.000    -9.810     0.000    98.098
     3.425     8.923    -4.597    -9.810     0.000    -9.810     0.000    98.098
     3.435     8.876    -4.695    -9.810     0.000    -9.810     0.000    98.098
     3.445     8.829    -4.793    -9.810     0.000    -9.810     0.000    98.098
     3.455     8.781    -4.891    -9.810     0.000    -9.810     0.000    98.098
     3.465     8.731    -4.989    -9.810     0.000    -9.810     0.000    98.097
     3.475     8.681    -5.087    -9.810     0.000    -9.810     0.000    98.097
     3.485     8.629    -5.185    -9.810     0.000    -9.810     0.000    98.097
     3.495     8.577    -5.283    -9.810     0.000    -9.810     0.000    98.097
     3.505     8.524    -5.381    -9.810     0.000    -9.810     0.000    98.097
     3.515     8.469    -5.479    -9.810     0.000    -9.810     0.000    98.097
     3.525     8.414    -5.577    -9.810     0.000    -9.810     0.000    98.097
     3.535     8.358    -5.676    -9.810     0.000    -9.810     0.000    98.097
     3.545     8.301    -5.774    -9.810     0.000    -9.810     0.000    98.096
     3.555     8.242    -5.872    -9.810     0.000    -9.810     0.000    98.096
     3.565     8.183    -5.970    -9.810     0.000    -9.810     0.000    98.096
     3.575     8.123    -6.068    -9.810     0.000    -9.810     0.000    98.096
     3.585     8.062    -6.166    -9.810     0.000    -9.810     0.000    98.096
     3.595     8.000    -6.264    -9.810     0.000    -9.810     0.000    98.096
     3.605     7.936    -6.362    -9.810     0.000    -9.810     0.000    98.096
     3.615     7.872    -6.460    -9.810     0.000    -9.810     0.000    98.095
     3.625     7.807    -6.558    -9.810     0.000    -9.810     0.000    98.095
     3.635     7.741    -6.656    -9.810     0.000    -9.810     0.000    98.095
     3.645     7.674    -6.755    -9.810     0.000    -9.810     0.000    98.095
     3.655     7.606    -6.853    -9.810     0.000    -9.810     0.000    98.095
     3.665     7.537    -6.951    -9.810     0.000    -9.810     0.000    98.095
     3.675     7.467    -7.049    -9.810     0.000    -9.810     0.000    98.095
     3.685     7.396    -7.147    -9.810     0.000    -9.810     0.000    98.094
     3.695     7.324    -7.245    -9.810     0.000    -9.810     0.000    98.094
     3.705     7.251    -7.343    -9.810     0.000    -9.810     0.000    98.094
     3.715     7.177    -7.441    -9.810     0.000    -9.810     0.000    98.094
     3.725     7.102    -7.539    -9.810     0.000    -9.810     0.000    98.094
     3.735     7.026    -7.637    -9.810     0.000    -9.810     0.000    98.094
     3.745     6.950    -7.735    -9.810     0.000    -9.810     0.000    98.093
     3.755     6.872    -7.833    -9.810     0.000    -9.810     0.000    98.093
     3.765     6.793    -7.932    -9.810     0.000    -9.810     0.000    98.093
     3.775     6.713    -8.030    -9.810     0.000    -9.810     0.000    98.093
     3.785     6.632    -8.128    -9.810     0.000    -9.810     0.000    98.093
     3.795     6.550    -8.226    -9.810     0.000    -9.810     0.000    98.094
     3.805     6.468    -8.324    -9.810     0.000    -9.810     0.000    98.094
     3.815     6.384    -8.422    -9.810     0.000    -9.810     0.000    98.094
     3.825     6.299    -8.520    -9.810     0.000    -9.810     0.000    98.094
     3.835     6.214    -8.618    -9.810     0.000    -9.810     0.000    98.094
     3.845     6.127    -8.717    -9.810     0.000    -9.810     0.000    98.095
     3.855     6.039    -8.815    -9.810     0.000    -9.810     0.000    98.095
     3.865     5.951    -8.913    -9.810     0.000    -9.810     0.000    98.095
     3.875     5.861    -9.011    -9.810     0.000    -9.810     0.000    98.095
     3.885     5.770    -9.109    -9.810     0.000    -9.810     0.000    98.096
     3.895     5.679    -9.207    -9.810     0.000    -9.810     0.000    98.096
     3.905     5.586    -9.305    -9.810     0.000    -9.810     0.000    98.096
     3.915     5.493    -9.403    -9.810     0.000    -9.810     0.000    98.096
     3.925     5.398    -9.502    -9.810     0.000    -9.810     0.000    98.097
     3.935     5.303    -9.600    -9.810     0.000    -9.810     0.000    98.097
     3.945     5.206    -9.698    -9.810     0.000    -9.810     0.000    98.097
     3.955     5.109    -9.796    -9.810     0.000    -9.810     0.000    98.098
     3.965     5.010    -9.894    -9.810     0.000    -9.810     0.000    98.098
     3.975     4.911    -9.992    -9.810     0.000    -9.810     0.000    98.098
     3.985     4.810   -10.090    -9.810     0.000    -9.810     0.000    98.098
     3.995     4.709   -10.189    -9.810     0.000    -9.810     0.000    98.099
     4.005     4.607   -10.287    -9.810     0.000    -9.810     0.000    98.099
     4.015     4.503   -10.385    -9.810     0.000    -9.810     0.000    98.099
     4.025     4.399   -10.483    -9.810     0.000    -9.810     0.000    98.100
     4.035     4.294   -10.581    -9.810     0.000    -9.810     0.000    98.100
     4.045     4.187   -10.679    -9.810     0.000    -9.810     0.000    98.100
     4.055     4.080   -10.777    -9.810     0.000    -9.810     0.000    98.100
     4.065     3.972   -10.875    -9.810     0.000    -9.810     0.000    98.101
     4.075     3.862   -10.974    -9.810     0.000    -9.810     0.000    98.101
     4.085     3.752   -11.072    -9.810     0.000    -9.810     0.000    98.101
     4.095     3.641   -11.170    -9.810     0.000    -9.810     0.000    98.102
     4.105     3.529   -11.268    -9.810     0.000    -9.810     0.000    98.102
     4.115     3.416   -11.366    -9.810     0.000    -9.810     0.000    98.102
     4.125     3.301   -11.464    -9.810     0.000    -9.810     0.000    98.103
     4.135     3.186   -11.562    -9.810     0.000    -9.810     0.000    98.103
     4.145     3.070   -11.661    -9.810     0.000    -9.810     0.000    98.103
     4.155     2.953   -11.759    -9.810     0.000    -9.810     0.000    98.104
     4.165     2.835   -11.857    -9.810     0.000    -9.810     0.000    98.104
     4.175     2.716   -11.955    -9.810     0.000    -9.810     0.000    98.104
     4.185     2.596   -12.053    -9.810     0.000    -9.810     0.000    98.105
     4.195     2.475   -12.151    -9.810     0.000    -9.810     0.000    98.105
     4.205     2.353   -12.249    -9.810     0.000    -9.810     0.000    98.105
     4.215     2.230   -12.347    -9.810     0.000    -9.810     0.000    98.106
     4.225     2.106   -12.446    -9.810     0.000    -9.810     0.000    98.106
     4.235     1.981   -12.544    -9.810     0.000    -9.810     0.000    98.106
     4.245     1.855   -12.642    -9.810     0.000    -9.810     0.000    98.107
     4.255     1.728   -12.740    -9.810     0.000    -9.810     0.000    98.107
     4.265     1.600   -12.838    -9.810     0.000    -9.810     0.000    98.107
     4.275     1.471   -12.936    -9.810     0.000    -9.810     0.000    98.108
     4.285     1.341   -13.034    -9.810     0.000    -9.810     0.000    98.108
     4.295     1.211   -13.133    -9.810     0.000    -9.810     0.000    98.109
     4.305     1.079   -13.231    -9.810     0.000    -9.810     0.000    98.109
     4.315     0.946   -13.329    -9.810     0.000    -9.810     0.000    98.109
     4.325     0.812   -13.427    -9.810     0.000    -9.810     0.000    98.110
     4.335     0.677   -13.525    -9.810     0.000    -9.810     0.000    98.110
     4.345     0.542   -13.623    -9.810     0.000    -9.810     0.000    98.111
     4.355     0.405   -13.721    -9.810     0.000    -9.810     0.000    98.111
     4.365     0.267   -13.819    -9.810     0.000    -9.810     0.000    98.111
     4.375     0.129   -13.918    -9.810     0.000    -9.810     0.013    98.112
     4.385    -0.011   -13.972    -9.810    22.632    12.822     0.131    97.497
     4.395    -0.148   -13.257    -9.810   146.874   137.064     0.268    86.494
     4.405    -0.272   -11.245    -9.810   270.513   260.703     0.392    60.844
     4.415    -0.369    -8.118    -9.810   368.297   358.487     0.489    29.868
     4.425    -0.431    -4.186    -9.810   430.530   420.720     0.551     5.274
     4.435    -0.451     0.161    -9.810   451.041   441.231     0.571    -3.598
     4.445    -0.427     4.492    -9.810   427.795   417.985     0.547     6.627
     4.455    -0.362     8.378    -9.810   363.098   353.288     0.482    32.061
     4.465    -0.262    11.433    -9.810   263.365   253.555     0.382    63.048
     4.475    -0.137    13.354    -9.810   138.488   128.678     0.257    87.883
     4.485     0.001    13.979    -9.810    17.901     8.091     0.119    97.716
     4.495     0.140    13.910    -9.810     0.000    -9.810     0.009    98.125
     4.505     0.279    13.812    -9.810     0.000    -9.810     0.000    98.125
     4.515     0.416    13.714    -9.810     0.000    -9.810     0.000    98.124
     4.525     0.553    13.616    -9.810     0.000    -9.810     0.000    98.124
     4.535     0.689    13.518    -9.810     0.000    -9.810     0.000    98.123
     4.545     0.823    13.420    -9.810     0.000    -9.810     0.000    98.123
     4.555     0.957    13.322    -9.810     0.000    -9.810     0.000    98.122
     4.565     1.090    13.224    -9.810     0.000    -9.810     0.000    98.122
     4.575     1.222    13.125    -9.810     0.000    -9.810     0.000    98.121
     4.585     1.352    13.027    -9.810     0.000    -9.810     0.000    98.121
     4.595     1.482    12.929    -9.810     0.000    -9.810     0.000    98.120
     4.605     1.611    12.831    -9.810     0.000    -9.810     0.000    98.120
     4.615     1.739    12.733    -9.810     0.000    -9.810     0.000    98.120
     4.625     1.866    12.635    -9.810     0.000    -9.810     0.000    98.119
     4.635     1.991    12.537    -9.810     0.000    -9.810     0.000    98.119
     4.645     2.116    12.438    -9.810     0.000    -9.810     0.000    98.118
     4.655     2.240    12.340    -9.810     0.000    -9.810     0.000    98.118
     4.665     2.363    12.242    -9.810     0.000    -9.810     0.000    98.117
     4.675     2.485    12.144    -9.810     0.000    -9.810     0.000    98.117
     4.685     2.606    12.046    -9.810     0.000    -9.810     0.000    98.116
     4.695     2.726    11.948    -9.810     0.000    -9.810     0.000    98.116
     4.705     2.845    11.850    -9.810     0.000    -9.810     0.000    98.115
     4.715     2.963    11.752    -9.810     0.000    -9.810     0.000    98.115
     4.725     3.080    11.653    -9.810     0.000    -9.810     0.000    98.115
     4.735     3.196    11.555    -9.810     0.000    -9.810     0.000    98.114
     4.745     3.311    11.457    -9.810     0.000    -9.810     0.000    98.114
     4.755     3.425    11.359    -9.810     0.000    -9.810     0.000    98.113
     4.765     3.538    11.261    -9.810     0.000    -9.810     0.000    98.113
     4.775     3.650    11.163    -9.810     0.000    -9.810     0.000    98.112
     4.785     3.761    11.065    -9.810     0.000    -9.810     0.000    98.112
     4.795     3.872    10.966    -9.810     0.000    -9.810     0.000    98.112
     4.805     3.981    10.868    -9.810     0.000    -9.810     0.000    98.111
     4.815     4.089    10.770    -9.810     0.000    -9.810     0.000    98.111
     4.825     4.196    10.672    -9.810     0.000    -9.810     0.000    98.110
     4.835     4.302    10.574    -9.810     0.000    -9.810     0.000    98.110
     4.845     4.408    10.476    -9.810     0.000    -9.810     0.000    98.110
     4.855     4.512    10.378    -9.810     0.000    -9.810     0.000    98.109
     4.865     4.615    10.280    -9.810     0.000    -9.810     0.000    98.109
     4.875     4.717    10.181    -9.810     0.000    -9.810     0.000    98.108
     4.885     4.819    10.083    -9.810     0.000    -9.810     0.000    98.108
     4.895     4.919     9.985    -9.810     0.000    -9.810     0.000    98.108
     4.905     5.018     9.887    -9.810     0.000    -9.810     0.000    98.107
     4.915     5.117     9.789    -9.810     0.000    -9.810     0.000    98.107
     4.925     5.214     9.691    -9.810     0.000    -9.810     0.000    98.107
     4.935     5.311     9.593    -9.810     0.000    -9.810     0.000    98.106
     4.945     5.406     9.494    -9.810     0.000    -9.810     0.000    98.106
     4.955     5.500     9.396    -9.810     0.000    -9.810     0.000    98.105
     4.965     5.594     9.298    -9.810     0.000    -9.810     0.000    98.105
     4.975     5.686     9.200    -9.810     0.000    -9.810     0.000    98.105
     4.985     5.778     9.102    -9.810     0.000    -9.810     0.000    98.104
     4.995     5.868     9.004    -9.810     0.000    -9.810     0.000    98.104
