Time (s), Height (m), Velocity (m/s), Gravitational Force (N), Contact Force (N), Net Force (N), Delta (m), Energy (J)
     0.005    10.000    -0.049    -9.712     0.000    -9.712     4.950    98.100
     0.015     9.999    -0.147    -9.810     0.000    -9.810     4.999    98.100
     0.025     9.997    -0.245    -9.810     0.000    -9.810     4.998    98.100
     0.035     9.994    -0.343    -9.810     0.000    -9.810     4.997    98.100
     0.045     9.990    -0.441    -9.810     0.000    -9.810     4.995    98.100
     0.055     9.985    -0.539    -9.810     0.000    -9.810     4.993    98.100
     0.065     9.979    -0.637    -9.810     0.000    -9.810     4.990    98.100
     0.075     9.972    -0.735    -9.810     0.000    -9.810     4.986    98.100
     0.085     9.965    -0.833    -9.810     0.000    -9.810     4.982    98.100
     0.095     9.956    -0.931    -9.810     0.000    -9.810     4.978    98.100
     0.105     9.946    -1.030    -9.810     0.000    -9.810     4.973    98.100
     0.115     9.935    -1.128    -9.810     0.000    -9.810     4.968    98.100
     0.125     9.923    -1.226    -9.810     0.000    -9.810     4.962    98.100
     0.135     9.911    -1.324    -9.810     0.000    -9.810     4.955    98.099
     0.145     9.897    -1.422    -9.810     0.000    -9.810     4.948    98.099
     0.155     9.882    -1.520    -9.810     0.000    -9.810     4.941    98.099
     0.165     9.866    -1.618    -9.810     0.000    -9.810     4.933    98.099
     0.175     9.850    -1.716    -9.810     0.000    -9.810     4.925    98.099
     0.185     9.832    -1.814    -9.810     0.000    -9.810     4.916    98.099
     0.195     9.813    -1.912    -9.810     0.000    -9.810     4.907    98.099
     0.205     9.794    -2.011    -9.810     0.000    -9.810     4.897    98.099
     0.215     9.773    -2.109    -9.810     0.000    -9.810     4.887    98.099
     0.225     9.752    -2.207    -9.810     0.000    -9.810     4.876    98.099
     0.235     9.729    -2.305    -9.810     0.000    -9.810     4.865    98.099
     0.245     9.706    -2.403    -9.810     0.000    -9.810     4.853    98.099
     0.255     9.681    -2.501    -9.810     0.000    -9.810     4.841    98.099
     0.265     9.656    -2.599    -9.810     0.000    -9.810     4.828    98.099
     0.275     9.629    -2.697    -9.810     0.000    -9.810     4.815    98.099
     0.285     9.602    -2.795    -9.810     0.000    -9.810     4.801    98.099
     0.295     9.573    -2.894    -9.810     0.000    -9.810     4.787    98.099
     0.305     9.544    -2.992    -9.810     0.000    -9.810     4.772    98.099
     0.315     9.513    -3.090    -9.810     0.000    -9.810     4.757    98.099
     0.325     9.482    -3.188    -9.810     0.000    -9.810     4.741    98.099
     0.335     9.449    -3.286    -9.810     0.000    -9.810     4.725    98.099
     0.345     9.416    -3.384    -9.810     0.000    -9.810     4.708    98.099
     0.355     9.382    -3.482    -9.810     0.000    -9.810     4.691    98.099
     0.365     9.346    -3.580    -9.810     0.000    -9.810     4.673    98.099
     0.375     9.310    -3.678    -9.810     0.000    -9.810     4.655    98.099
     0.385     9.273    -3.776    -9.810     0.000    -9.810     4.636    98.099
     0.395     9.235    -3.875    -9.810     0.000    -9.810     4.617    98.099
     0.405     9.195    -3.973    -9.810     0.000    -9.810     4.598    98.099
     0.415     9.155    -4.071    -9.810     0.000    -9.810     4.578    98.099
     0.425     9.114    -4.169    -9.810     0.000    -9.810     4.557    98.098
     0.435     9.072    -4.267    -9.810     0.000    -9.810     4.536    98.098
     0.445     9.029    -4.365    -9.810     0.000    -9.810     4.514    98.098
     0.455     8.984    -4.463    -9.810     0.000    -9.810     4.492    98.098
     0.465     8.939    -4.561    -9.810     0.000    -9.810     4.470    98.098
     0.475     8.893    -4.659    -9.810     0.000    -9.810     4.447    98.098
     0.485     8.846    -4.757    -9.810     0.000    -9.810     4.423    98.098
     0.495     8.798    -4.855    -9.810     0.000    -9.810     4.399    98.098
     0.505     8.749    -4.954    -9.810     0.000    -9.810     4.375    98.098
     0.515     8.699    -5.052    -9.810     0.000    -9.810     4.350    98.097
     0.525     8.648    -5.150    -9.810     0.000    -9.810     4.324    98.097
     0.535     8.596    -5.248    -9.810     0.000    -9.810     4.298    98.097
     0.545     8.543    -5.346    -9.810     0.000    -9.810     4.272    98.097
     0.555     8.489    -5.444    -9.810     0.000    -9.810     4.245    98.097
     0.565     8.434    -5.542    -9.810     0.000    -9.810     4.217    98.097
     0.575     8.378    -5.640    -9.810     0.000    -9.810     4.189    98.097
     0.585     8.321    -5.738    -9.810     0.000    -9.810     4.161    98.096
     0.595     8.263    -5.836    -9.810     0.000    -9.810     4.132    98.096
     0.605     8.205    -5.934    -9.810     0.000    -9.810     4.102    98.096
     0.615     8.145    -6.033    -9.810     0.000    -9.810     4.072    98.096
     0.625     8.084    -6.131    -9.810     0.000    -9.810     4.042    98.096
     0.635     8.022    -6.229    -9.810     0.000    -9.810     4.011    98.096
     0.645     7.959    -6.327    -9.810     0.000    -9.810     3.980    98.096
     0.655     7.896    -6.425    -9.810     0.000    -9.810     3.948    98.096
     0.665     7.831    -6.523    -9.810     0.000    -9.810     3.915    98.095
     0.675     7.765    -6.621    -9.810     0.000    -9.810     3.883    98.095
     0.685     7.698    -6.719    -9.810     0.000    -9.810     3.849    98.095
     0.695     7.631    -6.817    -9.810     0.000    -9.810     3.815    98.095
     0.705     7.562    -6.915    -9.810     0.000    -9.810     3.781    98.095
     0.715     7.492    -7.013    -9.810     0.000    -9.810     3.746    98.095
     0.725     7.422    -7.111    -9.810     0.000    -9.810     3.711    98.094
     0.735     7.350    -7.210    -9.810     0.000    -9.810     3.675    98.094
     0.745     7.278    -7.308    -9.810     0.000    -9.810     3.639    98.094
     0.755     7.204    -7.406    -9.810     0.000    -9.810     3.602    98.094
     0.765     7.129    -7.504    -9.810     0.000    -9.810     3.565    98.094
     0.775     7.054    -7.602    -9.810     0.000    -9.810     3.527    98.094
     0.785     6.977    -7.700    -9.810     0.000    -9.810     3.489    98.094
     0.795     6.900    -7.798    -9.810     0.000    -9.810     3.450    98.093
     0.805     6.821    -7.896    -9.810     0.000    -9.810     3.411    98.093
     0.815     6.742    -7.994    -9.810     0.000    -9.810     3.371    98.093
     0.825     6.662    -8.092    -9.810     0.000    -9.810     3.331    98.093
     0.835     6.580    -8.190    -9.810     0.000    -9.810     3.290    98.093
     0.845     6.498    -8.289    -9.810     0.000    -9.810     3.249    98.094
     0.855     6.414    -8.387    -9.810     0.000    -9.810     3.207    98.094
     0.865     6.330    -8.485    -9.810     0.000    -9.810     3.165    98.094
     0.875     6.245    -8.583    -9.810     0.000    -9.810     3.122    98.094
     0.885     6.158    -8.681    -9.810     0.000    -9.810     3.079    98.095
     0.895     6.071    -8.779    -9.810     0.000    -9.810     3.036    98.095
     0.905     5.983    -8.877    -9.810     0.000    -9.810     2.991    98.095
     0.915     5.893    -8.976    -9.810     0.000    -9.810     2.947    98.095
     0.925     5.803    -9.074    -9.810     0.000    -9.810     2.902    98.096
     0.935     5.712    -9.172    -9.810     0.000    -9.810     2.856    98.096
     0.945     5.620    -9.270    -9.810     0.000    -9.810     2.810    98.096
     0.955     5.527    -9.368    -9.810     0.000    -9.810     2.763    98.096
     0.965     5.432    -9.466    -9.810     0.000    -9.810     2.716    98.097
     0.975     5.337    -9.564    -9.810     0.000    -9.810     2.669    98.097
     0.985     5.241    -9.662    -9.810     0.000    -9.810     2.621    98.097
     0.995     5.144    -9.761    -9.810     0.000    -9.810     2.572    98.098
     1.005     5.046    -9.859    -9.810     0.000    -9.810     2.523    98.098
     1.015     4.947    -9.957    -9.810     0.000    -9.810     2.473    98.098
     1.025     4.847   -10.055    -9.810     0.000    -9.810     2.423    98.098
     1.035     4.746   -10.153    -9.810     0.000    -9.810     2.373    98.099
     1.045     4.644   -10.251    -9.810     0.000    -9.810     2.322    98.099
     1.055     4.541   -10.349    -9.810     0.000    -9.810     2.270    98.099
     1.065     4.437   -10.448    -9.810     0.000    -9.810     2.218    98.100
     1.075     4.332   -10.546    -9.810     0.000    -9.810     2.166    98.100
     1.085     4.226   -10.644    -9.810     0.000    -9.810     2.113    98.100
     1.095     4.119   -10.742    -9.810     0.000    -9.810     2.059    98.100
     1.105     4.011   -10.840    -9.810     0.000    -9.810     2.005    98.101
     1.115     3.902   -10.938    -9.810     0.000    -9.810     1.951    98.101
     1.125     3.792   -11.036    -9.810     0.000    -9.810     1.896    98.101
     1.135     3.681   -11.134    -9.810     0.000    -9.810     1.841    98.102
     1.145     3.569   -11.233    -9.810     0.000    -9.810     1.785    98.102
     1.155     3.457   -11.331    -9.810     0.000    -9.810     1.728    98.102
     1.165     3.343   -11.429    -9.810     0.000    -9.810     1.671    98.103
     1.175     3.228   -11.527    -9.810     0.000    -9.810     1.614    98.103
     1.185     3.112   -11.625    -9.810     0.000    -9.810     1.556    98.103
     1.195     2.995   -11.723    -9.810     0.000    -9.810     1.498    98.104
     1.205     2.878   -11.821    -9.810     0.000    -9.810     1.439    98.104
     1.215     2.759   -11.920    -9.810     0.000    -9.810     1.380    98.104
     1.225     2.639   -12.018    -9.810     0.000    -9.810     1.320    98.104
     1.235     2.519   -12.116    -9.810     0.000    -9.810     1.259    98.105
     1.245     2.397   -12.214    -9.810     0.000    -9.810     1.199    98.105
     1.255     2.274   -12.312    -9.810     0.000    -9.810     1.137    98.106
     1.265     2.151   -12.410    -9.810     0.000    -9.810     1.075    98.106
     1.275     2.026   -12.508    -9.810     0.000    -9.810     1.013    98.106
     1.285     1.901   -12.606    -9.810     0.000    -9.810     0.950    98.107
     1.295     1.774   -12.705    -9.810     0.000    -9.810     0.887    98.107
     1.305     1.646   -12.803    -9.810     0.000    -9.810     0.823    98.107
     1.315     1.518   -12.901    -9.810     0.000    -9.810     0.759    98.108
     1.325     1.388   -12.999    -9.810     0.000    -9.810     0.694    98.108
     1.335     1.258   -13.097    -9.810     0.000    -9.810     0.629    98.109
     1.345     1.127   -13.195    -9.810     0.000    -9.810     0.563    98.109
     1.355     0.994   -13.293    -9.810     0.000    -9.810     0.497    98.109
     1.365     0.861   -13.392    -9.810     0.000    -9.810     0.430    98.110
     1.375     0.726   -13.490    -9.810     0.000    -9.810     0.363    98.110
     1.385     0.591   -13.588    -9.810     0.000    -9.810     0.295    98.111
     1.395     0.454   -13.686    -9.810     0.000    -9.810     0.227    98.111
     1.405     0.317   -13.784    -9.810     0.000    -9.810     0.159    98.111
     1.415     0.179   -13.882    -9.810     0.000    -9.810     0.089    98.112
     1.425     0.039   -13.978    -9.810     3.171    -6.639     0.023    98.078
     1.435    -0.100   -13.661    -9.810    98.864    89.054     0.050    92.377
     1.445    -0.229   -12.102    -9.810   228.765   218.955     0.115    71.181
     1.455    -0.337    -9.343    -9.810   336.893   327.083     0.169    40.788
     1.465    -0.413    -5.660    -9.810   412.539   402.729     0.206    12.646
     1.475    -0.448    -1.417    -9.810   448.218   438.408     0.224    -2.590
     1.485    -0.440     2.964    -9.810   440.413   430.603     0.220     0.849
     1.495    -0.390     7.050    -9.810   389.920   380.110     0.195    21.629
     1.505    -0.301    10.434    -9.810   301.767   291.957     0.151    51.832
     1.515    -0.184    12.782    -9.810   184.711   174.901     0.092    80.009
     1.525    -0.050    13.862    -9.810    51.699    41.889     0.026    95.598
     1.535     0.090    13.910    -9.810     0.000    -9.810     0.045    97.625
     1.545     0.228    13.812    -9.810     0.000    -9.810     0.114    97.625
     1.555     0.366    13.714    -9.810     0.000    -9.810     0.183    97.624
     1.565     0.502    13.616    -9.810     0.000    -9.810     0.251    97.624
     1.575     0.638    13.518    -9.810     0.000    -9.810     0.319    97.623
     1.585     0.773    13.419    -9.810     0.000    -9.810     0.386    97.623
     1.595     0.907    13.321    -9.810     0.000    -9.810     0.453    97.622
     1.605     1.039    13.223    -9.810     0.000    -9.810     0.520    97.622
     1.615     1.171    13.125    -9.810     0.000    -9.810     0.585    97.621
     1.625     1.302    13.027    -9.810     0.000    -9.810     0.651    97.621
     1.635     1.431    12.929    -9.810     0.000    -9.810     0.716    97.620
     1.645     1.560    12.831    -9.810     0.000    -9.810     0.780    97.620
     1.655     1.688    12.733    -9.810     0.000    -9.810     0.844    97.619
     1.665     1.815    12.634    -9.810     0.000    -9.810     0.907    97.619
     1.675     1.941    12.536    -9.810     0.000    -9.810     0.970    97.618
     1.685     2.066    12.438    -9.810     0.000    -9.810     1.033    97.618
     1.695     2.190    12.340    -9.810     0.000    -9.810     1.095    97.617
     1.705     2.312    12.242    -9.810     0.000    -9.810     1.156    97.617
     1.715     2.434    12.144    -9.810     0.000    -9.810     1.217    97.617
     1.725     2.555    12.046    -9.810     0.000    -9.810     1.278    97.616
     1.735     2.675    11.947    -9.810     0.000    -9.810     1.338    97.616
     1.745     2.794    11.849    -9.810     0.000    -9.810     1.397    97.615
     1.755     2.912    11.751    -9.810     0.000    -9.810     1.456    97.615
     1.765     3.029    11.653    -9.810     0.000    -9.810     1.515    97.614
     1.775     3.145    11.555    -9.810     0.000    -9.810     1.573    97.614
     1.785     3.260    11.457    -9.810     0.000    -9.810     1.630    97.613
     1.795     3.374    11.359    -9.810     0.000    -9.810     1.687    97.613
     1.805     3.488    11.261    -9.810     0.000    -9.810     1.744    97.613
     1.815     3.600    11.162    -9.810     0.000    -9.810     1.800    97.612
     1.825     3.711    11.064    -9.810     0.000    -9.810     1.855    97.612
     1.835     3.821    10.966    -9.810     0.000    -9.810     1.910    97.611
     1.845     3.930    10.868    -9.810     0.000    -9.810     1.965    97.611
     1.855     4.038    10.770    -9.810     0.000    -9.810     2.019    97.610
     1.865     4.145    10.672    -9.810     0.000    -9.810     2.073    97.610
     1.875     4.252    10.574    -9.810     0.000    -9.810     2.126    97.610
     1.885     4.357    10.475    -9.810     0.000    -9.810     2.178    97.609
     1.895     4.461    10.377    -9.810     0.000    -9.810     2.231    97.609
     1.905     4.564    10.279    -9.810     0.000    -9.810     2.282    97.609
     1.915     4.667    10.181    -9.810     0.000    -9.810     2.333    97.608
     1.925     4.768    10.083    -9.810     0.000    -9.810     2.384    97.608
     1.935     4.868     9.985    -9.810     0.000    -9.810     2.434    97.607
     1.945     4.968     9.887    -9.810     0.000    -9.810     2.484    97.607
     1.955     5.066     9.789    -9.810     0.000    -9.810     2.533    97.607
     1.965     5.164     9.690    -9.810     0.000    -9.810     2.582    97.606
     1.975     5.260     9.592    -9.810     0.000    -9.810     2.630    97.606
     1.985     5.355     9.494    -9.810     0.000    -9.810     2.678    97.606
     1.995     5.450     9.396    -9.810     0.000    -9.810     2.725    97.605
     2.005     5.543     9.298    -9.810     0.000    -9.810     2.772    97.605
     2.015     5.636     9.200    -9.810     0.000    -9.810     2.818    97.605
     2.025     5.727     9.102    -9.810     0.000    -9.810     2.864    97.604
     2.035     5.818     9.003    -9.810     0.000    -9.810     2.909    97.604
     2.045     5.907     8.905    -9.810     0.000    -9.810     2.954    97.604
     2.055     5.996     8.807    -9.810     0.000    -9.810     2.998    97.603
     2.065     6.083     8.709    -9.810     0.000    -9.810     3.042    97.603
     2.075     6.170     8.611    -9.810     0.000    -9.810     3.085    97.603
     2.085     6.256     8.513    -9.810     0.000    -9.810     3.128    97.602
     2.095     6.340     8.415    -9.810     0.000    -9.810     3.170    97.602
     2.105     6.424     8.317    -9.810     0.000    -9.810     3.212    97.602
     2.115     6.507     8.218    -9.810     0.000    -9.810     3.253    97.601
     2.125     6.588     8.120    -9.810     0.000    -9.810     3.294    97.601
     2.135     6.669     8.022    -9.810     0.000    -9.810     3.334    97.601
     2.145     6.749     7.924    -9.810     0.000    -9.810     3.374    97.601
     2.155     6.827     7.826    -9.810     0.000    -9.810     3.414    97.601
     2.165     6.905     7.728    -9.810     0.000    -9.810     3.453    97.601
     2.175     6.982     7.630    -9.810     0.000    -9.810     3.491    97.601
     2.185     7.058     7.532    -9.810     0.000    -9.810     3.529    97.601
     2.195     7.133     7.434    -9.810     0.000    -9.810     3.566    97.601
     2.205     7.206     7.336    -9.810     0.000    -9.810     3.603    97.601
     2.215     7.279     7.237    -9.810     0.000    -9.810     3.640    97.601
     2.225     7.351     7.139    -9.810     0.000    -9.810     3.676    97.601
     2.235     7.422     7.041    -9.810     0.000    -9.810     3.711    97.601
     2.245     7.492     6.943    -9.810     0.000    -9.810     3.746    97.601
     2.255     7.561     6.845    -9.810     0.000    -9.810     3.780    97.601
     2.265     7.629     6.747    -9.810     0.000    -9.810     3.814    97.601
     2.275     7.696     6.649    -9.810     0.000    -9.810     3.848    97.601
     2.285     7.762     6.551    -9.810     0.000    -9.810     3.881    97.601
     2.295     7.827     6.453    -9.810     0.000    -9.810     3.913    97.601
     2.305     7.891     6.355    -9.810     0.000    -9.810     3.945    97.601
     2.315     7.954     6.257    -9.810     0.000    -9.810     3.977    97.601
     2.325     8.016     6.159    -9.810     0.000    -9.810     4.008    97.601
     2.335     8.077     6.060    -9.810     0.000    -9.810     4.039    97.602
     2.345     8.137     5.962    -9.810     0.000    -9.810     4.069    97.602
     2.355     8.196     5.864    -9.810     0.000    -9.810     4.098    97.602
     2.365     8.255     5.766    -9.810     0.000    -9.810     4.127    97.602
     2.375     8.312     5.668    -9.810     0.000    -9.810     4.156    97.602
     2.385     8.368     5.570    -9.810     0.000    -9.810     4.184    97.602
     2.395     8.423     5.472    -9.810     0.000    -9.810     4.212    97.602
     2.405     8.477     5.374    -9.810     0.000    -9.810     4.239    97.602
     2.415     8.531     5.276    -9.810     0.000    -9.810     4.265    97.602
     2.425     8.583     5.178    -9.810     0.000    -9.810     4.291    97.602
     2.435     8.634     5.080    -9.810     0.000    -9.810     4.317    97.602
     2.445     8.684     4.981    -9.810     0.000    -9.810     4.342    97.602
     2.455     8.734     4.883    -9.810     0.000    -9.810     4.367    97.602
     2.465     8.782     4.785    -9.810     0.000    -9.810     4.391    97.602
     2.475     8.829     4.687    -9.810     0.000    -9.810     4.415    97.602
     2.485     8.876     4.589    -9.810     0.000    -9.810     4.438    97.602
     2.495     8.921     4.491    -9.810     0.000    -9.810     4.461    97.602
     2.505     8.966     4.393    -9.810     0.000    -9.810     4.483    97.602
     2.515     9.009     4.295    -9.810     0.000    -9.810     4.505    97.602
     2.525     9.051     4.197    -9.810     0.000    -9.810     4.526    97.602
     2.535     9.093     4.099    -9.810     0.000    -9.810     4.546    97.602
     2.545     9.133     4.001    -9.810     0.000    -9.810     4.567    97.602
     2.555     9.173     3.903    -9.810     0.000    -9.810     4.586    97.602
     2.565     9.211     3.804    -9.810     0.000    -9.810     4.606    97.602
     2.575     9.249     3.706    -9.810     0.000    -9.810     4.625    97.602
     2.585     9.286     3.608    -9.810     0.000    -9.810     4.643    97.602
     2.595     9.321     3.510    -9.810     0.000    -9.810     4.661    97.602
     2.605     9.356     3.412    -9.810     0.000    -9.810     4.678    97.602
     2.615     9.389     3.314    -9.810     0.000    -9.810     4.695    97.602
     2.625     9.422     3.216    -9.810     0.000    -9.810     4.711    97.601
     2.635     9.454     3.118    -9.810     0.000    -9.810     4.727    97.601
     2.645     9.484     3.020    -9.810     0.000    -9.810     4.742    97.601
     2.655     9.514     2.921    -9.810     0.000    -9.810     4.757    97.601
     2.665     9.543     2.823    -9.810     0.000    -9.810     4.771    97.601
     2.675     9.571     2.725    -9.810     0.000    -9.810     4.785    97.601
     2.685     9.597     2.627    -9.810     0.000    -9.810     4.799    97.601
     2.695     9.623     2.529    -9.810     0.000    -9.810     4.812    97.601
     2.705     9.648     2.431    -9.810     0.000    -9.810     4.824    97.601
     2.715     9.672     2.333    -9.810     0.000    -9.810     4.836    97.601
     2.725     9.695     2.235    -9.810     0.000    -9.810     4.847    97.601
     2.735     9.716     2.137    -9.810     0.000    -9.810     4.858    97.601
     2.745     9.737     2.038    -9.810     0.000    -9.810     4.869    97.601
     2.755     9.757     1.940    -9.810     0.000    -9.810     4.879    97.601
     2.765     9.776     1.842    -9.810     0.000    -9.810     4.888    97.600
     2.775     9.794     1.744    -9.810     0.000    -9.810     4.897    97.600
     2.785     9.811     1.646    -9.810     0.000    -9.810     4.905    97.600
     2.795     9.827     1.548    -9.810     0.000    -9.810     4.913    97.600
     2.805     9.842     1.450    -9.810     0.000    -9.810     4.921    97.600
     2.815     9.856     1.352    -9.810     0.000    -9.810     4.928    97.600
     2.825     9.869     1.254    -9.810     0.000    -9.810     4.934    97.600
     2.835     9.881     1.156    -9.810     0.000    -9.810     4.940    97.600
     2.845     9.892     1.057    -9.810     0.000    -9.810     4.946    97.600
     2.855     9.902     0.959    -9.810     0.000    -9.810     4.951    97.600
     2.865     9.911     0.861    -9.810     0.000    -9.810     4.956    97.600
     2.875     9.919     0.763    -9.810     0.000    -9.810     4.960    97.600
     2.885     9.926     0.665    -9.810     0.000    -9.810     4.963    97.600
     2.895     9.933     0.567    -9.810     0.000    -9.810     4.966    97.600
     2.905     9.938     0.469    -9.810     0.000    -9.810     4.969    97.600
     2.915     9.942     0.371    -9.810     0.000    -9.810     4.971    97.600
     2.925     9.945     0.273    -9.810     0.000    -9.810     4.973    97.600
     2.935     9.947     0.175    -9.810     0.000    -9.810     4.974    97.600
     2.945     9.949     0.076    -9.810     0.000    -9.810     4.974    97.600
     2.955     9.949    -0.022    -9.810     0.000    -9.810     4.974    97.600
     2.965     9.948    -0.120    -9.810     0.000    -9.810     4.974    97.600
     2.975     9.947    -0.218    -9.810     0.000    -9.810     4.973    97.600
     2.985     9.944    -0.316    -9.810     0.000    -9.810     4.972    97.600
     2.995     9.940    -0.414    -9.810     0.000    -9.810     4.970    97.599
     3.005     9.936    -0.512    -9.810     0.000    -9.810     4.968    97.599
     3.015     9.930    -0.610    -9.810     0.000    -9.810     4.965    97.599
     3.025     9.923    -0.708    -9.810     0.000    -9.810     4.962    97.599
     3.035     9.916    -0.806    -9.810     0.000    -9.810     4.958    97.599
     3.045     9.907    -0.905    -9.810     0.000    -9.810     4.954    97.599
     3.055     9.898    -1.003    -9.810     0.000    -9.810     4.949    97.599
     3.065     9.887    -1.101    -9.810     0.000    -9.810     4.944    97.599
     3.075     9.876    -1.199    -9.810     0.000    -9.810     4.938    97.599
     3.085     9.863    -1.297    -9.810     0.000    -9.810     4.932    97.599
     3.095     9.850    -1.395    -9.810     0.000    -9.810     4.925    97.599
     3.105     9.835    -1.493    -9.810     0.000    -9.810     4.918    97.599
     3.115     9.820    -1.591    -9.810     0.000    -9.810     4.910    97.599
     3.125     9.803    -1.689    -9.810     0.000    -9.810     4.902    97.599
     3.135     9.786    -1.787    -9.810     0.000    -9.810     4.893    97.599
     3.145     9.768    -1.885    -9.810     0.000    -9.810     4.884    97.599
     3.155     9.748    -1.984    -9.810     0.000    -9.810     4.874    97.599
     3.165     9.728    -2.082    -9.810     0.000    -9.810     4.864    97.599
     3.175     9.707    -2.180    -9.810     0.000    -9.810     4.853    97.599
     3.185     9.684    -2.278    -9.810     0.000    -9.810     4.842    97.599
     3.195     9.661    -2.376    -9.810     0.000    -9.810     4.831    97.598
     3.205     9.637    -2.474    -9.810     0.000    -9.810     4.818    97.598
     3.215     9.612    -2.572    -9.810     0.000    -9.810     4.806    97.598
     3.225     9.585    -2.670    -9.810     0.000    -9.810     4.793    97.598
     3.235     9.558    -2.768    -9.810     0.000    -9.810     4.779    97.598
     3.245     9.530    -2.867    -9.810     0.000    -9.810     4.765    97.598
     3.255     9.501    -2.965    -9.810     0.000    -9.810     4.750    97.598
     3.265     9.471    -3.063    -9.810     0.000    -9.810     4.735    97.598
     3.275     9.440    -3.161    -9.810     0.000    -9.810     4.720    97.598
     3.285     9.407    -3.259    -9.810     0.000    -9.810     4.704    97.598
     3.295     9.374    -3.357    -9.810     0.000    -9.810     4.687    97.598
     3.305     9.340    -3.455    -9.810     0.000    -9.810     4.670    97.598
     3.315     9.305    -3.553    -9.810     0.000    -9.810     4.653    97.598
     3.325     9.269    -3.651    -9.810     0.000    -9.810     4.635    97.598
     3.335     9.232    -3.750    -9.810     0.000    -9.810     4.616    97.598
     3.345     9.194    -3.848    -9.810     0.000    -9.810     4.597    97.598
     3.355     9.155    -3.946    -9.810     0.000    -9.810     4.578    97.598
     3.365     9.115    -4.044    -9.810     0.000    -9.810     4.558    97.598
     3.375     9.074    -4.142    -9.810     0.000    -9.810     4.537    97.598
     3.385     9.032    -4.240    -9.810     0.000    -9.810     4.516    97.598
     3.395     8.990    -4.338    -9.810     0.000    -9.810     4.495    97.598
     3.405     8.946    -4.436    -9.810     0.000    -9.810     4.473    97.598
     3.415     8.901    -4.534    -9.810     0.000    -9.810     4.450    97.598
     3.425     8.855    -4.632    -9.810     0.000    -9.810     4.427    97.597
     3.435     8.808    -4.730    -9.810     0.000    -9.810     4.404    97.597
     3.445     8.760    -4.829    -9.810     0.000    -9.810     4.380    97.597
     3.455     8.712    -4.927    -9.810     0.000    -9.810     4.356    97.597
     3.465     8.662    -5.025    -9.810     0.000    -9.810     4.331    97.597
     3.475     8.611    -5.123    -9.810     0.000    -9.810     4.306    97.597
     3.485     8.559    -5.221    -9.810     0.000    -9.810     4.280    97.597
     3.495     8.507    -5.319    -9.810     0.000    -9.810     4.253    97.597
     3.505     8.453    -5.417    -9.810     0.000    -9.810     4.226    97.596
     3.515     8.398    -5.515    -9.810     0.000    -9.810     4.199    97.596
     3.525     8.343    -5.613    -9.810     0.000    -9.810     4.171    97.596
     3.535     8.286    -5.711    -9.810     0.000    -9.810     4.143    97.596
     3.545     8.228    -5.809    -9.810     0.000    -9.810     4.114    97.596
     3.555     8.170    -5.907    -9.810     0.000    -9.810     4.085    97.596
     3.565     8.110    -6.006    -9.810     0.000    -9.810     4.055    97.596
     3.575     8.050    -6.104    -9.810     0.000    -9.810     4.025    97.595
     3.585     7.988    -6.202    -9.810     0.000    -9.810     3.994    97.595
     3.595     7.926    -6.300    -9.810     0.000    -9.810     3.963    97.595
     3.605     7.862    -6.398    -9.810     0.000    -9.810     3.931    97.595
     3.615     7.798    -6.496    -9.810     0.000    -9.810     3.899    97.595
     3.625     7.732    -6.594    -9.810     0.000    -9.810     3.866    97.595
     3.635     7.666    -6.692    -9.810     0.000    -9.810     3.833    97.595
     3.645     7.598    -6.790    -9.810     0.000    -9.810     3.799    97.594
     3.655     7.530    -6.888    -9.810     0.000    -9.810     3.765    97.594
     3.665     7.461    -6.986    -9.810     0.000    -9.810     3.730    97.594
     3.675     7.390    -7.085    -9.810     0.000    -9.810     3.695    97.594
     3.685     7.319    -7.183    -9.810     0.000    -9.810     3.659    97.594
     3.695     7.247    -7.281    -9.810     0.000    -9.810     3.623    97.594
     3.705     7.173    -7.379    -9.810     0.000    -9.810     3.587    97.594
     3.715     7.099    -7.477    -9.810     0.000    -9.810     3.550    97.593
     3.725     7.024    -7.575    -9.810     0.000    -9.810     3.512    97.593
     3.735     6.948    -7.673    -9.810     0.000    -9.810     3.474    97.593
     3.745     6.870    -7.771    -9.810     0.000    -9.810     3.435    97.593
     3.755     6.792    -7.869    -9.810     0.000    -9.810     3.396    97.593
     3.765     6.713    -7.967    -9.810     0.000    -9.810     3.356    97.593
     3.775     6.633    -8.065    -9.810     0.000    -9.810     3.316    97.593
     3.785     6.552    -8.164    -9.810     0.000    -9.810     3.276    97.593
     3.795     6.469    -8.262    -9.810     0.000    -9.810     3.235    97.593
     3.805     6.386    -8.360    -9.810     0.000    -9.810     3.193    97.593
     3.815     6.302    -8.458    -9.810     0.000    -9.810     3.151    97.594
     3.825     6.217    -8.556    -9.810     0.000    -9.810     3.109    97.594
     3.835     6.131    -8.654    -9.810     0.000    -9.810     3.066    97.594
     3.845     6.044    -8.752    -9.810     0.000    -9.810     3.022    97.594
     3.855     5.956    -8.850    -9.810     0.000    -9.810     2.978    97.595
     3.865     5.867    -8.949    -9.810     0.000    -9.810     2.934    97.595
     3.875     5.777    -9.047    -9.810     0.000    -9.810     2.889    97.595
     3.885     5.686    -9.145    -9.810     0.000    -9.810     2.843    97.595
     3.895     5.594    -9.243    -9.810     0.000    -9.810     2.797    97.596
     3.905     5.501    -9.341    -9.810     0.000    -9.810     2.751    97.596
     3.915     5.407    -9.439    -9.810     0.000    -9.810     2.704    97.596
     3.925     5.312    -9.537    -9.810     0.000    -9.810     2.656    97.596
     3.935     5.217    -9.636    -9.810     0.000    -9.810     2.608    97.597
     3.945     5.120    -9.734    -9.810     0.000    -9.810     2.560    97.597
     3.955     5.022    -9.832    -9.810     0.000    -9.810     2.511    97.597
     3.965     4.923    -9.930    -9.810     0.000    -9.810     2.462    97.598
     3.975     4.823   -10.028    -9.810     0.000    -9.810     2.412    97.598
     3.985     4.722   -10.126    -9.810     0.000    -9.810     2.361    97.598
     3.995     4.621   -10.224    -9.810     0.000    -9.810     2.310    97.598
     4.005     4.518   -10.322    -9.810     0.000    -9.810     2.259    97.599
     4.015     4.414   -10.421    -9.810     0.000    -9.810     2.207    97.599
     4.025     4.310   -10.519    -9.810     0.000    -9.810     2.155    97.599
     4.035     4.204   -10.617    -9.810     0.000    -9.810     2.102    97.600
     4.045     4.097   -10.715    -9.810     0.000    -9.810     2.049    97.600
     4.055     3.990   -10.813    -9.810     0.000    -9.810     1.995    97.600
     4.065     3.881   -10.911    -9.810     0.000    -9.810     1.940    97.600
     4.075     3.771   -11.009    -9.810     0.000    -9.810     1.886    97.601
     4.085     3.661   -11.108    -9.810     0.000    -9.810     1.830    97.601
     4.095     3.549   -11.206    -9.810     0.000    -9.810     1.775    97.601
     4.105     3.437   -11.304    -9.810     0.000    -9.810     1.718    97.602
     4.115     3.323   -11.402    -9.810     0.000    -9.810     1.662    97.602
     4.125     3.209   -11.500    -9.810     0.000    -9.810     1.604    97.602
     4.135     3.093   -11.598    -9.810     0.000    -9.810     1.547    97.603
     4.145     2.977   -11.696    -9.810     0.000    -9.810     1.488    97.603
     4.155     2.859   -11.794    -9.810     0.000    -9.810     1.430    97.603
     4.165     2.741   -11.893    -9.810     0.000    -9.810     1.370    97.604
     4.175     2.621   -11.991    -9.810     0.000    -9.810     1.311    97.604
     4.185     2.501   -12.089    -9.810     0.000    -9.810     1.250    97.604
     4.195     2.380   -12.187    -9.810     0.000    -9.810     1.190    97.605
     4.205     2.257   -12.285    -9.810     0.000    -9.810     1.129    97.605
     4.215     2.134   -12.383    -9.810     0.000    -9.810     1.067    97.605
     4.225     2.009   -12.481    -9.810     0.000    -9.810     1.005    97.606
     4.235     1.884   -12.580    -9.810     0.000    -9.810     0.942    97.606
     4.245     1.758   -12.678    -9.810     0.000    -9.810     0.879    97.606
     4.255     1.631   -12.776    -9.810     0.000    -9.810     0.815    97.607
     4.265     1.502   -12.874    -9.810     0.000    -9.810     0.751    97.607
     4.275     1.373   -12.972    -9.810     0.000    -9.810     0.687    97.608
     4.285     1.243   -13.070    -9.810     0.000    -9.810     0.621    97.608
     4.295     1.112   -13.168    -9.810     0.000    -9.810     0.556    97.608
     4.305     0.980   -13.266    -9.810     0.000    -9.810     0.490    97.609
     4.315     0.846   -13.365    -9.810     0.000    -9.810     0.423    97.609
     4.325     0.712   -13.463    -9.810     0.000    -9.810     0.356    97.610
     4.335     0.577   -13.561    -9.810     0.000    -9.810     0.289    97.610
     4.345     0.441   -13.659    -9.810     0.000    -9.810     0.220    97.610
     4.355     0.304   -13.757    -9.810     0.000    -9.810     0.152    97.611
     4.365     0.166   -13.855    -9.810     0.000    -9.810     0.083    97.611
     4.375     0.027   -13.947    -9.810     6.407    -3.403     0.020    97.517
     4.385    -0.112   -13.541    -9.810   110.848   101.038     0.056    90.625
     4.395    -0.240   -11.869    -9.810   238.967   229.157     0.120    68.312
     4.405    -0.345    -9.022    -9.810   344.302   334.492     0.172    37.786
     4.415    -0.417    -5.282    -9.810   416.422   406.612     0.208    10.553
     4.425    -0.448    -1.020    -9.810   448.192   438.382     0.224    -3.074
     4.435    -0.436     3.342    -9.810   436.483   426.673     0.218     2.063
     4.445    -0.382     7.369    -9.810   382.477   372.667     0.191    23.983
     4.455    -0.291    10.664    -9.810   291.550   281.740     0.146    54.338
     4.465    -0.172    12.900    -9.810   172.735   162.925     0.086    81.630
     4.475    -0.037    13.859    -9.810    41.433    31.623     0.022    95.676
     4.485     0.102    13.866    -9.810     0.000    -9.810     0.051    97.127
     4.495     0.240    13.767    -9.810     0.000    -9.810     0.120    97.127
     4.505     0.377    13.669    -9.810     0.000    -9.810     0.189    97.126
     4.515     0.513    13.571    -9.810     0.000    -9.810     0.257    97.126
     4.525     0.649    13.473    -9.810     0.000    -9.810     0.324    97.125
     4.535     0.783    13.375    -9.810     0.000    -9.810     0.391    97.125
     4.545     0.916    13.277    -9.810     0.000    -9.810     0.458    97.124
     4.555     1.048    13.179    -9.810     0.000    -9.810     0.524    97.124
     4.565     1.180    13.081    -9.810     0.000    -9.810     0.590    97.123
     4.575     1.310    12.982    -9.810     0.000    -9.810     0.655    97.123
     4.585     1.439    12.884    -9.810     0.000    -9.810     0.720    97.122
     4.595     1.568    12.786    -9.810     0.000    -9.810     0.784    97.122
     4.605     1.695    12.688    -9.810     0.000    -9.810     0.847    97.121
     4.615     1.821    12.590    -9.810     0.000    -9.810     0.911    97.121
     4.625     1.947    12.492    -9.810     0.000    -9.810     0.973    97.120
     4.635     2.071    12.394    -9.810     0.000    -9.810     1.036    97.120
     4.645     2.195    12.296    -9.810     0.000    -9.810     1.097    97.119
     4.655     2.317    12.197    -9.810     0.000    -9.810     1.159    97.119
     4.665     2.439    12.099    -9.810     0.000    -9.810     1.219    97.118
     4.675     2.559    12.001    -9.810     0.000    -9.810     1.280    97.118
     4.685     2.679    11.903    -9.810     0.000    -9.810     1.339    97.118
     4.695     2.797    11.805    -9.810     0.000    -9.810     1.399    97.117
     4.705     2.915    11.707    -9.810     0.000    -9.810     1.457    97.117
     4.715     3.031    11.609    -9.810     0.000    -9.810     1.516    97.116
     4.725     3.147    11.510    -9.810     0.000    -9.810     1.573    97.116
     4.735     3.261    11.412    -9.810     0.000    -9.810     1.631    97.115
     4.745     3.375    11.314    -9.810     0.000    -9.810     1.688    97.115
     4.755     3.488    11.216    -9.810     0.000    -9.810     1.744    97.115
     4.765     3.599    11.118    -9.810     0.000    -9.810     1.800    97.114
     4.775     3.710    11.020    -9.810     0.000    -9.810     1.855    97.114
     4.785     3.820    10.922    -9.810     0.000    -9.810     1.910    97.113
     4.795     3.928    10.824    -9.810     0.000    -9.810     1.964    97.113
     4.805     4.036    10.725    -9.810     0.000    -9.810     2.018    97.112
     4.815     4.143    10.627    -9.810     0.000    -9.810     2.071    97.112
     4.825     4.249    10.529    -9.810     0.000    -9.810     2.124    97.112
     4.835     4.354    10.431    -9.810     0.000    -9.810     2.177    97.111
     4.845     4.457    10.333    -9.810     0.000    -9.810     2.229    97.111
     4.855     4.560    10.235    -9.810     0.000    -9.810     2.280    97.110
     4.865     4.662    10.137    -9.810     0.000    -9.810     2.331    97.110
     4.875     4.763    10.038    -9.810     0.000    -9.810     2.381    97.110
     4.885     4.863     9.940    -9.810     0.000    -9.810     2.431    97.109
     4.895     4.962     9.842    -9.810     0.000    -9.810     2.481    97.109
     4.905     5.060     9.744    -9.810     0.000    -9.810     2.530    97.109
     4.915     5.157     9.646    -9.810     0.000    -9.810     2.578    97.108
     4.925     5.253     9.548    -9.810     0.000    -9.810     2.626    97.108
     4.935     5.348     9.450    -9.810     0.000    -9.810     2.674    97.108
     4.945     5.442     9.352    -9.810     0.000    -9.810     2.721    97.107
     4.955     5.535     9.253    -9.810     0.000    -9.810     2.767    97.107
     4.965     5.627     9.155    -9.810     0.000    -9.810     2.813    97.106
     4.975     5.718     9.057    -9.810     0.000    -9.810     2.859    97.106
     4.985     5.808     8.959    -9.810     0.000    -9.810     2.904    97.106
     4.995     5.897     8.861    -9.810     0.000    -9.810     2.948    97.105
